,customer_age,vendor_count,product_count,is_chain,first_order,last_order,CUI_American,CUI_Asian,CUI_Beverages,CUI_Cafe,CUI_Chicken_Dishes,CUI_Chinese,CUI_Desserts,CUI_Healthy,CUI_Indian,CUI_Italian,CUI_Japanese,CUI_Noodle_Dishes,CUI_OTHER,CUI_Street_Food/Snacks,CUI_Thai,Total_Orders_Per_Client,mnt,mnt_Per_Order,Items_Per_Order,frq,rcn,activity,CUI_diversity,Loyalty,Recency_Score,Frequency_Score,Monetary_Score,CLV_Score,Orders_Night,Orders_Dawn,Orders_Morning,Orders_Afternoon,Orders_Evening,Orders_Dusk
customer_age,1.0,0.0006376885405910188,0.00511098268088799,0.001599466784741866,0.005955512200167355,0.014352353654602669,0.007939601953487033,0.01328027419819458,-0.003000877189205697,0.006270120954102019,0.0014500744543672545,-0.0058149116639553446,-0.008316352537143287,-0.007268897540737404,-0.0058493034973455885,0.0013340157961980845,0.0025346730272110068,-0.0007501628713158006,0.008167426728002648,0.004739088310226977,-0.005853758486983194,0.003919572622243972,0.008911730395459795,0.000946108043320562,0.0005989514441339735,-0.004212209249864166,-0.014352353654602698,0.006273571543066382,-0.0008520527734153122,0.010545839640611267,0.016327975805606694,-0.004212209249864166,0.008911730395459802,0.01092802848944413,-0.0019047716189037336,-0.002042215760003529,-0.001296067383505967,0.008363645766324663,0.005063060921455211,-0.0008627654462103874
vendor_count,0.0006376885405910188,1.0,0.8270721031068613,0.7627561797560556,-0.3877436501455285,0.3700368396108138,0.2714205461198526,0.3063137078858893,0.21478182827304135,0.18528548006548462,0.2500692763130657,0.24833430898735295,0.14733916440912856,0.13889934852473937,0.15360458777882216,0.11430720089963814,0.22717112217805074,0.21470700033380413,0.35835017139390785,0.14236297751364443,0.16934776609737384,0.8422433939592794,0.6495288680410004,-0.16325369016832086,0.006873538959093085,-0.31764593915924766,-0.37003683961081263,0.6090514815845933,0.8685863940977934,0.1614726963692775,0.29913354898034294,-0.31764593915924766,0.6495288680409999,0.1351792564602922,0.23240301788974252,0.26647686628548944,0.5452610737112878,0.5566659058133595,0.5499028915319699,0.3787840775816571
product_count,0.00511098268088799,0.8270721031068613,1.0,0.8268459108651252,-0.35910805701940923,0.34470502480766047,0.3348881401270331,0.3362475881167585,0.22981714711436613,0.27375290009139325,0.25647502912983,0.3723324530987659,0.12641542040019169,0.1697378868034444,0.23527489122714518,0.25994805886559114,0.27860540402989586,0.2842454970833939,0.4484030606867998,0.17971264128151815,0.23791750123363828,0.964990015259748,0.8242883492688371,-0.05208623349525512,0.14923579187629826,-0.22868748808172928,-0.3447050248076593,0.5656288712227192,0.6944038045955171,0.44736899869492075,0.31055161273856374,-0.22868748808172928,0.8242883492688498,0.25142927903200235,0.2081897957129434,0.23789243073370955,0.6449851380797418,0.6634911130678888,0.6585568871332877,0.3939324225960876
is_chain,0.001599466784741866,0.7627561797560556,0.8268459108651252,1.0,-0.3318212471152306,0.29329366446334554,0.2654152214174375,0.10828459646114184,0.24106359738737598,0.23774499105348842,0.3102519313070031,0.25930220072957993,0.07160565463797887,0.14237311404522968,0.15520707081340793,0.050353310531825596,0.18785564171919963,0.27364484962505353,0.38123113021706484,0.010849596497657576,0.1813641593917825,0.866973279175479,0.5017098718894203,-0.23504123656926063,-0.029339231081211854,-0.20584483177234683,-0.2932936644633439,0.5029784936914456,0.6946091052277098,0.3707377880543137,0.2681292726499289,-0.20584483177234683,0.5017098718894244,0.16116955669567504,0.11175455158983115,0.13559727476151703,0.5823120581921553,0.612288698478873,0.6189936365200632,0.39715746440507893
first_order,0.005955512200167355,-0.3877436501455285,-0.35910805701940923,-0.3318212471152306,1.0,0.2259626660695864,-0.1587143444838038,-0.1168247405828666,-0.08207269601408058,-0.06665013299033262,-0.10327850938304704,-0.08564196969219473,-0.043780722630800004,-0.0581050542192711,-0.08343840309273672,-0.11059734165247913,-0.09195508860004413,-0.08510230731217842,-0.13671837049994368,-0.054204402645801474,-0.08653032243091933,-0.377043444295015,-0.2831354389609593,0.16011729065557803,0.027884693744540466,0.45429230020928973,-0.22596266606959012,-0.650112858741529,-0.39703114139031137,-0.2700519313241001,0.1268046609266332,0.45429230020928973,-0.28313543896096083,0.36603242808723924,-0.09466469139877093,-0.10537728944581878,-0.22858322683521623,-0.25683507452532883,-0.27012056446695343,-0.15359416034669107
last_order,0.014352353654602669,0.3700368396108138,0.34470502480766047,0.29329366446334554,0.2259626660695864,1.0,0.14843614260404275,0.1481258320936281,0.07479580031630702,0.07535991052604063,0.08165783982414826,0.07856911108761151,0.05202566531557136,0.07678297128600589,0.07912576929406678,0.11323379946340315,0.11155192602213403,0.05552844736324624,0.14001068317063858,0.06323181678337914,0.08481983172356947,0.3618611621940222,0.30158374629423657,-0.10301801105701891,-0.02591881593938608,-0.4165282942719181,-0.9999999999999999,0.5932839563641322,0.36700908034101115,0.26857626885676766,0.6207223288499802,-0.4165282942719181,0.3015837462942397,0.2147734004442757,0.10520188271230971,0.126271828662011,0.23722185854529293,0.24861408098620913,0.23590520840611645,0.1236334883559828
CUI_American,0.007939601953487033,0.2714205461198526,0.3348881401270331,0.2654152214174375,-0.1587143444838038,0.14843614260404275,1.0,0.0946889969802154,0.0057023499535242585,0.08973396798249901,-0.0129041232702707,0.006955123045972863,0.028845748107385386,0.017099444659648227,0.026942461224795586,0.09041432922186783,0.05880928875826649,-0.024633223055912114,0.08896583499036297,0.04028385579646353,0.055161388823044576,0.3346403446051644,0.3928082925229957,0.049833686121999836,0.03938217370361257,-0.12000766552416087,-0.1484361426040422,0.24693816680437022,0.2094008437612741,0.20823770367148173,0.12729430535990624,-0.12000766552416087,0.392808292522999,0.0963861986960152,0.18367745417046627,0.1307309983277954,0.22280778118778016,0.20712519322141917,0.21631480619842988,0.06108669597284412
CUI_Asian,0.01328027419819458,0.3063137078858893,0.3362475881167585,0.10828459646114184,-0.1168247405828666,0.1481258320936281,0.0946889969802154,1.0,0.09255117166557167,0.0058167415612639176,-0.05551664049266568,0.03343264114407125,0.11689288812168351,0.038039480520485155,-0.030958554196297686,-0.06492120906106638,0.08544125617668367,-0.04137084177363196,-0.042247152966337555,0.1853704402231686,-0.028420644639124498,0.27675968955793867,0.6138862401830838,0.291817668465521,0.18563319192101352,-0.11314245678889291,-0.14812583209362756,0.21207995842041996,0.12423927418833196,0.09030049008534943,0.11135006677266077,-0.11314245678889291,0.6138862401830851,0.1420848806401058,0.4281109820834955,0.40774789452148874,0.2510588853371661,0.08381195680356175,-0.02889924221871943,0.022132085168739102
CUI_Beverages,-0.003000877189205697,0.21478182827304135,0.22981714711436613,0.24106359738737598,-0.08207269601408058,0.07479580031630702,0.0057023499535242585,0.09255117166557167,1.0,-0.021651658116468377,0.013636670094078658,0.04412522104427024,0.076935182648329,0.009771640562270102,-0.030530472856362453,-0.07126645059358355,0.00822945253505441,0.02851838577180905,-0.0025602199527141275,0.06236503112673086,-0.02056027064515417,0.21447284842918476,0.24798909926184967,0.0944038400715545,0.08382663073789125,-0.06093640999829997,-0.07479580031630667,0.1261637366078414,0.15363371879268664,0.05145641788872665,0.06647668941258966,-0.06093640999829997,0.24798909926185345,0.06176273643864317,0.17293680753096485,0.283042937707015,0.18458754326739163,0.11336476442332914,0.008879136722771904,0.0518268249603518
CUI_Cafe,0.006270120954102019,0.18528548006548462,0.27375290009139325,0.23774499105348842,-0.06665013299033262,0.07535991052604063,0.08973396798249901,0.0058167415612639176,-0.021651658116468377,1.0,0.001960867843601511,0.01080472150309367,-0.01376001037824802,0.063274148323094,0.05272452161058526,0.09415145243756515,0.08037241846535527,-0.006424786955743203,0.20459505147224347,-0.025219082215352268,0.0924711470944075,0.27245063212492693,0.260579223890408,-0.017250733247049597,0.01902312573968081,-0.023006018818024977,-0.07535991052604031,0.11385906092606414,0.17164118653141705,0.12516820583879212,0.08529173720695493,-0.023006018818024977,0.26057922389041205,0.10692092059363306,-0.02458315828891385,0.08588414924634517,0.29852304523918033,0.17514887222867664,0.15374677970896428,0.022070649442139195
CUI_Chicken_Dishes,0.0014500744543672545,0.2500692763130657,0.25647502912983,0.3102519313070031,-0.10327850938304704,0.08165783982414826,-0.0129041232702707,-0.05551664049266568,0.013636670094078658,0.001960867843601511,1.0,0.06640039579875838,-0.011595836486140418,-0.019287231601188056,0.028284295456456925,-0.014529095136730135,-0.008951200632033763,0.09143581957233958,0.08752463880084708,-0.04508082463439685,0.08760071027550055,0.2623966050771022,0.07794023244398636,-0.12927688984299693,0.010579532743698206,-0.05999268201708885,-0.0816578398241478,0.14903998152630862,0.2588202144713595,0.08938936182699588,0.07291817226118476,-0.05999268201708885,0.07794023244398851,0.02700024895541357,-0.011263026830841046,-0.041376841594691974,0.11360789108474384,0.21011909019547736,0.24521104013812758,0.19026673945655262
CUI_Chinese,-0.0058149116639553446,0.24833430898735295,0.3723324530987659,0.25930220072957993,-0.08564196969219473,0.07856911108761151,0.006955123045972863,0.03343264114407125,0.04412522104427024,0.01080472150309367,0.06640039579875838,1.0,0.009580330567933438,0.002272822472200675,-0.004752096043718866,-0.004004763207946241,0.043036269279409296,0.2100831367783691,0.09067357686635563,0.0033790672758505385,0.08369257602799816,0.2887800755393202,0.26825219364612213,-0.016617189810291057,0.0768240928970155,-0.03810728116280917,-0.07856911108761126,0.13205649193308633,0.20711431563948351,0.09802323149970703,0.07777605205429933,-0.03810728116280917,0.26825219364612274,0.09192215990775628,0.0371984933625144,0.029918797136703673,0.16481652527178206,0.18633372185801622,0.21593897611005647,0.2181587309806808
CUI_Desserts,-0.008316352537143287,0.14733916440912856,0.12641542040019169,0.07160565463797887,-0.043780722630800004,0.05202566531557136,0.028845748107385386,0.11689288812168351,0.076935182648329,-0.01376001037824802,-0.011595836486140418,0.009580330567933438,1.0,0.012016341029746276,-0.02588200147308614,-0.04542647748428401,0.026399319423405895,-0.012927403926424158,-0.02537971255500999,0.11078411409345772,-0.02438036136222304,0.11004036682996352,0.2134561873245621,0.0935638668782416,0.05680758586197292,-0.031186862257505988,-0.05202566531557099,0.07675955852971147,0.12188215789809435,0.0067729157388330755,0.04615377281896603,-0.031186862257505988,0.21345618732456434,0.060959861019422495,0.13017337879293187,0.20027806868574877,0.09651151613857227,0.07200016601378502,-0.0366001151809759,0.003628428020101608
CUI_Healthy,-0.007268897540737404,0.13889934852473937,0.1697378868034444,0.14237311404522968,-0.0581050542192711,0.07678297128600589,0.017099444659648227,0.038039480520485155,0.009771640562270102,0.063274148323094,-0.019287231601188056,0.002272822472200675,0.012016341029746276,1.0,0.0199113543287684,0.003454175321549672,0.05376971157576095,-0.008868996222605254,0.06693064759008721,0.004311694734781181,0.03396790283473569,0.17809550846368236,0.1940554015742685,0.009448262897613306,-0.00036626121370528296,-0.04394655671313966,-0.0767829712860057,0.1079076990294872,0.12728283925873776,0.11062504556303139,0.0663197150582376,-0.04394655671313966,0.19405540157426998,0.06161409042972208,0.08028357394057346,0.08381874919111598,0.19393174640247876,0.08567616784540671,0.08076685753291322,0.002141819029686402
CUI_Indian,-0.0058493034973455885,0.15360458777882216,0.23527489122714518,0.15520707081340793,-0.08343840309273672,0.07912576929406678,0.026942461224795586,-0.030958554196297686,-0.030530472856362453,0.05272452161058526,0.028284295456456925,-0.004752096043718866,-0.02588200147308614,0.0199113543287684,1.0,0.057251537160331586,0.025422023491462803,-0.00784586089987876,0.08924002640775242,-0.048095069326415316,0.0754744143828726,0.2246410290154639,0.18296434311477777,-0.008361834170940923,0.05838574132310364,-0.03977573929536825,-0.07912576929406633,0.13066973850147148,0.15707167176618825,0.14149625675146973,0.08079232627572887,-0.03977573929536825,0.18296434311478238,0.07272702977674066,-0.039023051774660596,-0.04801125599379048,0.09507566513932686,0.17881973542263066,0.24098399954834832,0.13515282584101115
CUI_Italian,0.0013340157961980845,0.11430720089963814,0.25994805886559114,0.050353310531825596,-0.11059734165247913,0.11323379946340315,0.09041432922186783,-0.06492120906106638,-0.07126645059358355,0.09415145243756515,-0.014529095136730135,-0.004004763207946241,-0.04542647748428401,0.003454175321549672,0.057251537160331586,1.0,0.020904360618238717,-0.029332181681623885,0.1071760749424521,-0.0570695859251083,0.07629664078907225,0.26234235939587974,0.2475522746784762,-0.025612249332286136,0.011521898373676535,-0.08089928634119452,-0.11323379946340255,0.17971764368256626,0.08594644818020192,0.28042080223405,0.09745024738712091,-0.08089928634119452,0.2475522746784794,0.06943441061049971,-0.07155286935922744,-0.060543436090341324,0.11520437146437301,0.2293804781360063,0.31846264551469816,0.05158848867114091
CUI_Japanese,0.0025346730272110068,0.22717112217805074,0.27860540402989586,0.18785564171919963,-0.09195508860004413,0.11155192602213403,0.05880928875826649,0.08544125617668367,0.00822945253505441,0.08037241846535527,-0.008951200632033763,0.043036269279409296,0.026399319423405895,0.05376971157576095,0.025422023491462803,0.020904360618238717,1.0,0.0057347471616169664,0.048028110222434056,0.04047359268122795,0.05151095325248563,0.25196120431777774,0.3455472600896839,0.07551946817992794,0.0702782395242511,-0.07072303651333181,-0.11155192602213337,0.16300043022544072,0.20752037965630887,0.12080657851257368,0.0958577784877556,-0.07072303651333181,0.34554726008968095,0.099043798332944,0.0586988032766565,0.1192276087778174,0.21321949380625602,0.15957073883528683,0.1549767182615427,0.014871095375905807
CUI_Noodle_Dishes,-0.0007501628713158006,0.21470700033380413,0.2842454970833939,0.27364484962505353,-0.08510230731217842,0.05552844736324624,-0.024633223055912114,-0.04137084177363196,0.02851838577180905,-0.006424786955743203,0.09143581957233958,0.2100831367783691,-0.012927403926424158,-0.008868996222605254,-0.00784586089987876,-0.029332181681623885,0.0057347471616169664,1.0,0.08858113010160551,-0.0353240284244087,0.03833443297370214,0.2249795259919251,0.1201575824529168,-0.06903809095931397,0.11432782967871881,-0.039854239375218474,-0.05552844736324598,0.11363854074629576,0.2009225395369813,0.0817997916750713,0.05036847095771919,-0.039854239375218474,0.12015758245291734,0.03551261143283666,0.0037895052787727127,-0.02645493933842473,0.11891495454616269,0.1641851435893909,0.1840002411538028,0.18824650293132342
CUI_OTHER,0.008167426728002648,0.35835017139390785,0.4484030606867998,0.38123113021706484,-0.13671837049994368,0.14001068317063858,0.08896583499036297,-0.042247152966337555,-0.0025602199527141275,0.20459505147224347,0.08752463880084708,0.09067357686635563,-0.02537971255500999,0.06693064759008721,0.08924002640775242,0.1071760749424521,0.048028110222434056,0.08858113010160551,1.0,-0.06241064707479361,0.15357295569676682,0.43535542677290934,0.321381859392419,-0.06472758669528947,0.07512193599367294,-0.06957275494323277,-0.14001068317063844,0.22218947350303456,0.3273728970642392,0.18286108826637706,0.1400292003890417,-0.06957275494323277,0.32138185939241676,0.1265852060708248,-0.05628088220087185,-0.03991632570952719,0.28931504604493335,0.3128373875284685,0.4195207418533374,0.1457970808719368
CUI_Street_Food/Snacks,0.004739088310226977,0.14236297751364443,0.17971264128151815,0.010849596497657576,-0.054204402645801474,0.06323181678337914,0.04028385579646353,0.1853704402231686,0.06236503112673086,-0.025219082215352268,-0.04508082463439685,0.0033790672758505385,0.11078411409345772,0.004311694734781181,-0.048095069326415316,-0.0570695859251083,0.04047359268122795,-0.0353240284244087,-0.06241064707479361,1.0,-0.0423726854058561,0.10310321995488846,0.424510225357545,0.38567357171761546,0.30736523234573937,-0.04524012566980542,-0.06323181678337887,0.0941142694892398,0.07653751667278223,0.013169664151400357,0.04839578546413025,-0.04524012566980542,0.424510225357548,0.10197178534777256,0.144193266406186,0.19288420238586285,0.11279000156585041,0.08537137123439055,-0.07294326406178983,-0.01124106465510157
CUI_Thai,-0.005853758486983194,0.16934776609737384,0.23791750123363828,0.1813641593917825,-0.08653032243091933,0.08481983172356947,0.055161388823044576,-0.028420644639124498,-0.02056027064515417,0.0924711470944075,0.08760071027550055,0.08369257602799816,-0.02438036136222304,0.03396790283473569,0.0754744143828726,0.07629664078907225,0.05151095325248563,0.03833443297370214,0.15357295569676682,-0.0423726854058561,1.0,0.23026387846160354,0.1912362211685536,-0.041666409422550954,0.008980016896395184,-0.05621417229754413,-0.0848198317235691,0.1376662334099043,0.1950786004224463,0.13291220761335584,0.08428191932847794,-0.05621417229754413,0.1912362211685577,0.06493968984630154,-0.040016904995557996,-0.02877550448950353,0.12060113332131761,0.1708460109719081,0.26257857929267975,0.056377929387208404
Total_Orders_Per_Client,0.003919572622243972,0.8422433939592794,0.964990015259748,0.866973279175479,-0.377043444295015,0.3618611621940222,0.3346403446051644,0.27675968955793867,0.21447284842918476,0.27245063212492693,0.2623966050771022,0.2887800755393202,0.11004036682996352,0.17809550846368236,0.2246410290154639,0.26234235939587974,0.25196120431777774,0.2249795259919251,0.43535542677290934,0.10310321995488846,0.23026387846160354,1.0,0.7339296704232132,-0.16902255975259745,-0.0039797648991370975,-0.24920153828536606,-0.36186116219402065,0.593832064835228,0.7199049130984918,0.4810483519780451,0.3247437941244021,-0.24920153828536606,0.7339296704231991,0.22512839981220503,0.20089512117777605,0.23873543634657673,0.6745894688958489,0.6862757114145693,0.6893515646907551,0.40225628894331206
mnt,0.008911730395459795,0.6495288680410004,0.8242883492688371,0.5017098718894203,-0.2831354389609593,0.30158374629423657,0.3928082925229957,0.6138862401830838,0.24798909926184967,0.260579223890408,0.07794023244398636,0.26825219364612213,0.2134561873245621,0.1940554015742685,0.18296434311477777,0.2475522746784762,0.3455472600896839,0.1201575824529168,0.321381859392419,0.424510225357545,0.1912362211685536,0.7339296704232132,1.0,0.2883925333420956,0.3016379186256869,-0.20321214041683222,-0.3015837462942351,0.4692125387804402,0.4792454480438051,0.34507354825826697,0.2620840774506215,-0.20321214041683222,1.000000000000003,0.27648156319217715,0.34481745960835253,0.3937873537997703,0.5442758542352096,0.45459269980480826,0.38329207140367283,0.1816839471152289
mnt_Per_Order,0.000946108043320562,-0.16325369016832086,-0.05208623349525512,-0.23504123656926063,0.16011729065557803,-0.10301801105701891,0.049833686121999836,0.291817668465521,0.0944038400715545,-0.017250733247049597,-0.12927688984299693,-0.016617189810291057,0.0935638668782416,0.009448262897613306,-0.008361834170940923,-0.025612249332286136,0.07551946817992794,-0.06903809095931397,-0.06472758669528947,0.38567357171761546,-0.041666409422550954,-0.16902255975259745,0.2883925333420956,1.0,0.7279020289556527,0.220674069416629,0.10301801105701817,-0.21267083050995206,-0.2305799168774632,-0.16543329857892272,-0.05334843201115145,0.220674069416629,0.2883925333420954,0.19418055070500326,0.11159798485578175,0.11524308469860227,-0.057774360450918064,-0.1490942864788433,-0.21941751560356088,-0.1649788045661967
Items_Per_Order,0.0005989514441339735,0.006873538959093085,0.14923579187629826,-0.029339231081211854,0.027884693744540466,-0.02591881593938608,0.03938217370361257,0.18563319192101352,0.08382663073789125,0.01902312573968081,0.010579532743698206,0.0768240928970155,0.05680758586197292,-0.00036626121370528296,0.05838574132310364,0.011521898373676535,0.0702782395242511,0.11432782967871881,0.07512193599367294,0.30736523234573937,0.008980016896395184,-0.0039797648991370975,0.3016379186256869,0.7279020289556527,1.0,0.08951098471983233,0.025918815939385983,-0.043259960201940034,-0.020301146138002525,-0.03913375186062842,-0.01127161226397545,0.08951098471983233,0.30163791862568756,0.1300132160576303,0.045558495400811826,0.0187379605636178,0.00368503546890241,-0.0022109457913456615,-0.03005585549437102,-0.012903454161123368
frq,-0.004212209249864166,-0.31764593915924766,-0.22868748808172928,-0.20584483177234683,0.45429230020928973,-0.4165282942719181,-0.12000766552416087,-0.11314245678889291,-0.06093640999829997,-0.023006018818024977,-0.05999268201708885,-0.03810728116280917,-0.031186862257505988,-0.04394655671313966,-0.03977573929536825,-0.08089928634119452,-0.07072303651333181,-0.039854239375218474,-0.06957275494323277,-0.04524012566980542,-0.05621417229754413,-0.24920153828536606,-0.20321214041683222,0.220674069416629,0.08951098471983233,1.0,0.4165282942719166,-0.7003089407878115,-0.3803690420614857,-0.30010354112075954,-0.15727306356756326,1.0,-0.20321214041683391,0.584973311012289,-0.0977238632007398,-0.10555873642938753,-0.14348281223940496,-0.1658297022325237,-0.16591306492805397,-0.0880580330664242
rcn,-0.014352353654602698,-0.37003683961081263,-0.3447050248076593,-0.2932936644633439,-0.22596266606959012,-0.9999999999999999,-0.1484361426040422,-0.14812583209362756,-0.07479580031630667,-0.07535991052604031,-0.0816578398241478,-0.07856911108761126,-0.05202566531557099,-0.0767829712860057,-0.07912576929406633,-0.11323379946340255,-0.11155192602213337,-0.05552844736324598,-0.14001068317063844,-0.06323181678337887,-0.0848198317235691,-0.36186116219402065,-0.3015837462942351,0.10301801105701817,0.025918815939385983,0.4165282942719166,1.0,-0.5932839563641299,-0.3670090803410099,-0.26857626885676583,-0.62072232884998,0.4165282942719166,-0.3015837462942382,-0.21477340044427692,-0.10520188271230918,-0.12627182866201053,-0.23722185854529204,-0.2486140809862079,-0.2359052084061157,-0.12363348835598241
activity,0.006273571543066382,0.6090514815845933,0.5656288712227192,0.5029784936914456,-0.650112858741529,0.5932839563641322,0.24693816680437022,0.21207995842041996,0.1261637366078414,0.11385906092606414,0.14903998152630862,0.13205649193308633,0.07675955852971147,0.1079076990294872,0.13066973850147148,0.17971764368256626,0.16300043022544072,0.11363854074629576,0.22218947350303456,0.0941142694892398,0.1376662334099043,0.593832064835228,0.4692125387804402,-0.21267083050995206,-0.043259960201940034,-0.7003089407878115,-0.5932839563641299,1.0,0.6143646642646609,0.4326545414688221,0.3793836993560978,-0.7003089407878115,0.4692125387804463,-0.13495109927614413,0.16028644555698338,0.185573785935633,0.37392938239074525,0.4061618302266387,0.4072274410575588,0.2233606525908265
CUI_diversity,-0.0008520527734153122,0.8685863940977934,0.6944038045955171,0.6946091052277098,-0.39703114139031137,0.36700908034101115,0.2094008437612741,0.12423927418833196,0.15363371879268664,0.17164118653141705,0.2588202144713595,0.20711431563948351,0.12188215789809435,0.12728283925873776,0.15707167176618825,0.08594644818020192,0.20752037965630887,0.2009225395369813,0.3273728970642392,0.07653751667278223,0.1950786004224463,0.7199049130984918,0.4792454480438051,-0.2305799168774632,-0.020301146138002525,-0.3803690420614857,-0.3670090803410099,0.6143646642646609,1.0,0.14887564663777575,0.2734170492432463,-0.3803690420614857,0.47924544804380964,0.02913458725140563,0.11398990654492033,0.14067760309610047,0.4436387872537413,0.5059484404862669,0.5284779253988278,0.3382642300140332
Loyalty,0.010545839640611267,0.1614726963692775,0.44736899869492075,0.3707377880543137,-0.2700519313241001,0.26857626885676766,0.20823770367148173,0.09030049008534943,0.05145641788872665,0.12516820583879212,0.08938936182699588,0.09802323149970703,0.0067729157388330755,0.11062504556303139,0.14149625675146973,0.28042080223405,0.12080657851257368,0.0817997916750713,0.18286108826637706,0.013169664151400357,0.13291220761335584,0.4810483519780451,0.34507354825826697,-0.16543329857892272,-0.03913375186062842,-0.30010354112075954,-0.26857626885676583,0.4326545414688221,0.14887564663777575,1.0,0.1838759821655072,-0.3001035411207596,0.3450735482582664,-0.008175666107639033,0.07060006008663237,0.06156917987961755,0.29984241310562315,0.3566352946476837,0.3837155150659266,0.1483754339402346
Recency_Score,0.016327975805606694,0.29913354898034294,0.31055161273856374,0.2681292726499289,0.1268046609266332,0.6207223288499802,0.12729430535990624,0.11135006677266077,0.06647668941258966,0.08529173720695493,0.07291817226118476,0.07777605205429933,0.04615377281896603,0.0663197150582376,0.08079232627572887,0.09745024738712091,0.0958577784877556,0.05036847095771919,0.1400292003890417,0.04839578546413025,0.08428191932847794,0.3247437941244021,0.2620840774506215,-0.05334843201115145,-0.01127161226397545,-0.15727306356756326,-0.62072232884998,0.3793836993560978,0.2734170492432463,0.1838759821655072,1.0,-0.1572730635675632,0.26208407745062606,0.6775840554387199,0.08488282583136636,0.09993124464722734,0.22200936529734522,0.2224013432441988,0.21160448044102736,0.11476538944554315
Frequency_Score,-0.004212209249864166,-0.31764593915924766,-0.22868748808172928,-0.20584483177234683,0.45429230020928973,-0.4165282942719181,-0.12000766552416087,-0.11314245678889291,-0.06093640999829997,-0.023006018818024977,-0.05999268201708885,-0.03810728116280917,-0.031186862257505988,-0.04394655671313966,-0.03977573929536825,-0.08089928634119452,-0.07072303651333181,-0.039854239375218474,-0.06957275494323277,-0.04524012566980542,-0.05621417229754413,-0.24920153828536606,-0.20321214041683222,0.220674069416629,0.08951098471983233,1.0,0.4165282942719166,-0.7003089407878115,-0.3803690420614857,-0.3001035411207596,-0.1572730635675632,1.0,-0.20321214041683391,0.584973311012289,-0.0977238632007398,-0.10555873642938753,-0.14348281223940496,-0.1658297022325237,-0.16591306492805397,-0.0880580330664242
Monetary_Score,0.008911730395459802,0.6495288680409999,0.8242883492688498,0.5017098718894244,-0.28313543896096083,0.3015837462942397,0.392808292522999,0.6138862401830851,0.24798909926185345,0.26057922389041205,0.07794023244398851,0.26825219364612274,0.21345618732456434,0.19405540157426998,0.18296434311478238,0.2475522746784794,0.34554726008968095,0.12015758245291734,0.32138185939241676,0.424510225357548,0.1912362211685577,0.7339296704231991,1.000000000000003,0.2883925333420954,0.30163791862568756,-0.20321214041683391,-0.3015837462942382,0.4692125387804463,0.47924544804380964,0.3450735482582664,0.26208407745062606,-0.20321214041683391,1.0,0.27648156319217937,0.34481745960835647,0.39378735379977126,0.5442758542352037,0.4545926998048111,0.38329207140367505,0.18168394711522987
CLV_Score,0.01092802848944413,0.1351792564602922,0.25142927903200235,0.16116955669567504,0.36603242808723924,0.2147734004442757,0.0963861986960152,0.1420848806401058,0.06176273643864317,0.10692092059363306,0.02700024895541357,0.09192215990775628,0.060959861019422495,0.06161409042972208,0.07272702977674066,0.06943441061049971,0.099043798332944,0.03551261143283666,0.1265852060708248,0.10197178534777256,0.06493968984630154,0.22512839981220503,0.27648156319217715,0.19418055070500326,0.1300132160576303,0.584973311012289,-0.21477340044427692,-0.13495109927614413,0.02913458725140563,-0.008175666107639033,0.6775840554387199,0.584973311012289,0.27648156319217937,1.0,0.07061729279704469,0.08736408506627749,0.18407702921321492,0.14644410716046222,0.12161154866234249,0.06120646897105112
Orders_Night,-0.0019047716189037336,0.23240301788974252,0.2081897957129434,0.11175455158983115,-0.09466469139877093,0.10520188271230971,0.18367745417046627,0.4281109820834955,0.17293680753096485,-0.02458315828891385,-0.011263026830841046,0.0371984933625144,0.13017337879293187,0.08028357394057346,-0.039023051774660596,-0.07155286935922744,0.0586988032766565,0.0037895052787727127,-0.05628088220087185,0.144193266406186,-0.040016904995557996,0.20089512117777605,0.34481745960835253,0.11159798485578175,0.045558495400811826,-0.0977238632007398,-0.10520188271230918,0.16028644555698338,0.11398990654492033,0.07060006008663237,0.08488282583136636,-0.0977238632007398,0.34481745960835647,0.07061729279704469,1.0,0.275759175308592,0.05791019918096524,-0.04212857535926288,-0.11042217876127096,0.0682886066328489
Orders_Dawn,-0.002042215760003529,0.26647686628548944,0.23789243073370955,0.13559727476151703,-0.10537728944581878,0.126271828662011,0.1307309983277954,0.40774789452148874,0.283042937707015,0.08588414924634517,-0.041376841594691974,0.029918797136703673,0.20027806868574877,0.08381874919111598,-0.04801125599379048,-0.060543436090341324,0.1192276087778174,-0.02645493933842473,-0.03991632570952719,0.19288420238586285,-0.02877550448950353,0.23873543634657673,0.3937873537997703,0.11524308469860227,0.0187379605636178,-0.10555873642938753,-0.12627182866201053,0.185573785935633,0.14067760309610047,0.06156917987961755,0.09993124464722734,-0.10555873642938753,0.39378735379977126,0.08736408506627749,0.275759175308592,1.0,0.15108932044955514,-0.0059353288131494516,-0.11111300173767111,-0.02812545389944215
Orders_Morning,-0.001296067383505967,0.5452610737112878,0.6449851380797418,0.5823120581921553,-0.22858322683521623,0.23722185854529293,0.22280778118778016,0.2510588853371661,0.18458754326739163,0.29852304523918033,0.11360789108474384,0.16481652527178206,0.09651151613857227,0.19393174640247876,0.09507566513932686,0.11520437146437301,0.21321949380625602,0.11891495454616269,0.28931504604493335,0.11279000156585041,0.12060113332131761,0.6745894688958489,0.5442758542352096,-0.057774360450918064,0.00368503546890241,-0.14348281223940496,-0.23722185854529204,0.37392938239074525,0.4436387872537413,0.29984241310562315,0.22200936529734522,-0.14348281223940496,0.5442758542352037,0.18407702921321492,0.05791019918096524,0.15108932044955514,1.0,0.2951760820845018,0.225491768437075,0.07589039097291433
Orders_Afternoon,0.008363645766324663,0.5566659058133595,0.6634911130678888,0.612288698478873,-0.25683507452532883,0.24861408098620913,0.20712519322141917,0.08381195680356175,0.11336476442332914,0.17514887222867664,0.21011909019547736,0.18633372185801622,0.07200016601378502,0.08567616784540671,0.17881973542263066,0.2293804781360063,0.15957073883528683,0.1641851435893909,0.3128373875284685,0.08537137123439055,0.1708460109719081,0.6862757114145693,0.45459269980480826,-0.1490942864788433,-0.0022109457913456615,-0.1658297022325237,-0.2486140809862079,0.4061618302266387,0.5059484404862669,0.3566352946476837,0.2224013432441988,-0.1658297022325237,0.4545926998048111,0.14644410716046222,-0.04212857535926288,-0.0059353288131494516,0.2951760820845018,1.0,0.37872975217357663,0.20057326422536423
Orders_Evening,0.005063060921455211,0.5499028915319699,0.6585568871332877,0.6189936365200632,-0.27012056446695343,0.23590520840611645,0.21631480619842988,-0.02889924221871943,0.008879136722771904,0.15374677970896428,0.24521104013812758,0.21593897611005647,-0.0366001151809759,0.08076685753291322,0.24098399954834832,0.31846264551469816,0.1549767182615427,0.1840002411538028,0.4195207418533374,-0.07294326406178983,0.26257857929267975,0.6893515646907551,0.38329207140367283,-0.21941751560356088,-0.03005585549437102,-0.16591306492805397,-0.2359052084061157,0.4072274410575588,0.5284779253988278,0.3837155150659266,0.21160448044102736,-0.16591306492805397,0.38329207140367505,0.12161154866234249,-0.11042217876127096,-0.11111300173767111,0.225491768437075,0.37872975217357663,1.0,0.21183447230886768
Orders_Dusk,-0.0008627654462103874,0.3787840775816571,0.3939324225960876,0.39715746440507893,-0.15359416034669107,0.1236334883559828,0.06108669597284412,0.022132085168739102,0.0518268249603518,0.022070649442139195,0.19026673945655262,0.2181587309806808,0.003628428020101608,0.002141819029686402,0.13515282584101115,0.05158848867114091,0.014871095375905807,0.18824650293132342,0.1457970808719368,-0.01124106465510157,0.056377929387208404,0.40225628894331206,0.1816839471152289,-0.1649788045661967,-0.012903454161123368,-0.0880580330664242,-0.12363348835598241,0.2233606525908265,0.3382642300140332,0.1483754339402346,0.11476538944554315,-0.0880580330664242,0.18168394711522987,0.06120646897105112,0.0682886066328489,-0.02812545389944215,0.07589039097291433,0.20057326422536423,0.21183447230886768,1.0
